
7607138574688881941
7591517987547532564
7583703173815078164
7583702334262299924
7583699417295834388
7583697097388543253
7583696500761398548
7583696488929168660
7583444983072492820
7582985923697167637
7582980780654169365
7581531256723295508
7580037136540306708
7580027314205920533
7580025965187697941
7580013203686427924
7578952914094345492
7578932619249814804
7577081494997519637
7576289092606922004
7576286628868558100
7572927554156252436
7571177152939379989
7570739171518663956
7569994561838206229
7569913699666824468
7568494109510421780
7567425687246720277
7567423430132305172
7566298709131054356
